2013082110.jpg 14,151,219,254,9
201603033.jpg 56,70,317,219,5
201008178.jpg 641,296,721,413,5 259,200,343,265,4
201703303.jpg 23,58,397,275,5
200812144.jpg 46,104,72,116,3 71,106,96,115,3 203,91,225,119,5
2010103014.jpg 1,56,400,129,6 67,142,219,228,6
201509225.jpg 107,176,157,239,5 130,160,172,215,2 168,135,206,196,5 177,180,223,259,5 197,114,224,180,5 234,127,275,201,5 222,169,266,244,5 127,86,200,160,8 160,64,217,118,8 2,216,162,300,8 302,5,400,66,8 336,229,399,299,4 220,46,266,60,7
201710311.jpg 138,147,288,286,8
201008301.jpg 169,11,288,101,4 170,88,290,171,4 205,161,264,271,6 234,276,268,300,2
201207103.jpg 65,113,141,255,5 100,127,223,300,5 197,152,374,300,5
2010081923.jpg 7,142,79,251,5 189,157,271,248,5 270,156,351,247,5 262,240,292,275,5 121,144,152,159,3 1,78,38,128,13 146,130,178,165,4 184,128,207,149,8 213,106,247,137,8 204,118,227,137,8 209,137,229,147,8 232,146,253,157,8 209,147,230,158,8 130,154,153,167,8 78,145,102,169,4
2008113041.jpg 476,167,568,297,2 191,298,301,359,3 140,289,330,364,3 2,97,558,479,11
201009021.jpg 307,47,476,431,13
201512022.jpg 79,113,263,247,5
201602255.jpg 83,70,231,202,5 144,18,207,78,3
201506051.jpg 101,86,232,286,5 215,85,400,298,5 14,74,116,265,5
201608245.jpg 54,84,251,294,5 113,280,195,351,3
201411055.jpg 129,105,318,300,5
201210031.jpg 113,191,165,218,6 1,129,68,208,6 316,49,400,126,8 103,117,150,163,4 282,199,370,267,4
201606154.jpg 66,110,234,297,4
2016071910.jpg 16,157,171,287,5 168,40,298,236,5 285,91,386,222,6
201805227.jpg 135,154,237,211,5 120,74,248,173,4 199,68,308,177,8
201707244.jpg 1,116,285,343,5
200810015.jpg 206,18,234,53,13
201209261.jpg 16,194,102,261,9 170,130,238,171,9 161,152,232,188,9 201,110,268,135,9 231,126,291,156,9 237,73,308,181,6 180,82,254,127,6 265,144,378,186,6 335,161,400,201,6
201606156.jpg 111,110,300,231,8
201010172.jpg 125,105,257,229,5
201302222.jpg 126,34,296,300,5
2009032425.jpg 231,341,640,479,6 288,252,578,371,6
201008164.jpg 122,59,313,245,13
201112023.jpg 188,136,240,220,9
2013062413.jpg 84,71,230,254,6 236,127,323,237,6 268,100,325,197,6 224,217,262,236,2
201606014.jpg 187,178,246,293,5 226,178,274,269,5 67,82,183,300,12
201704262.jpg 104,98,220,267,5
201605271.jpg 193,124,212,142,5 330,113,346,132,4
201610051.jpg 87,112,249,214,9 27,203,93,276,9 246,123,318,197,2 17,1,117,49,6
201705254.jpg 66,101,189,246,5
201306061.jpg 29,50,397,299,5
201404015.jpg 58,92,274,288,5
2014010813.jpg 83,134,303,299,11 170,99,205,123,5
200807183.jpg 222,277,402,396,6 209,102,397,299,4
201306252.jpg 160,103,281,230,5 129,183,188,250,5
201507164.jpg 12,119,148,179,3 239,39,352,110,3 104,87,292,153,7 1,162,106,271,6 75,152,146,189,7 214,74,348,109,7
201808101.jpg 1,48,134,199,3 3,6,399,300,5 177,17,367,138,6
201803157.jpg 76,120,323,210,4
201006239.jpg 220,153,273,193,5 209,191,226,211,5 182,179,210,208,5 121,125,179,166,5
20111001.jpg 1,170,63,214,6
201008042.jpg 226,216,272,254,6 4,93,262,140,6 263,126,326,149,6
201705051.jpg 87,109,309,257,9
201703151.jpg 51,60,377,299,5
201504161.jpg 145,128,206,164,4 74,101,105,136,5 109,94,166,143,6 263,164,319,225,5 247,72,300,125,4 133,64,180,99,4 150,104,209,134,6 7,183,28,207,2 16,214,33,231,3
2009081815.jpg 356,17,382,61,5 161,135,260,227,10 320,1,361,150,5
201806286.jpg 34,40,324,267,4 97,1,192,33,6
201309112.jpg 135,86,200,173,5 173,115,243,219,5
2016061511.jpg 100,56,295,265,5 196,28,252,63,3
2010111916.jpg 138,109,198,165,3
200812136.jpg 57,20,109,140,13 1,26,64,153,13
201405226.jpg 81,167,151,216,5 58,210,149,276,5 15,172,71,198,7 160,72,185,99,5 212,66,279,102,6
20091015.jpg 137,18,299,300,12
2018081445.jpg 90,15,337,268,9
2010081922.jpg 77,142,283,300,11
2013090811.jpg 256,98,400,217,3 142,154,227,234,3 111,26,167,129,2 247,123,330,256,2
20100908.jpg 1,88,98,203,1 139,129,235,183,1 245,135,295,198,1
2009070231.jpg 204,89,263,175,13
200905265.jpg 77,29,218,228,13 252,169,311,213,6
201005211.jpg 215,215,340,300,6
2013062411.jpg 156,133,300,263,5 79,118,189,213,5 1,109,29,135,9
2017021019.jpg 230,72,314,117,8 192,85,278,133,8 181,111,231,189,5 178,2,221,61,5 237,118,317,171,7
201207095.jpg 76,68,325,300,5
20090828.jpg 48,183,93,208,5 235,87,355,228,4
2010093015.jpg 122,137,150,173,13
200907243.jpg 75,177,319,300,5 178,113,215,141,2
201504304.jpg 2,3,316,296,3
201605233.jpg 191,117,293,213,3 148,23,207,75,6
201606162.jpg 100,104,359,222,3
2008072513.jpg 452,368,516,436,5 418,355,467,406,5 724,415,752,458,2 338,341,454,389,6 420,304,499,357,4 1,329,449,600,6 571,227,800,391,6 590,337,718,480,6
201307297.jpg 173,153,247,216,5
201412183.jpg 42,193,109,244,5 121,244,228,300,5 26,61,131,180,6 223,171,399,300,6 275,67,380,173,6 100,53,166,100,6 238,65,276,98,6 114,133,158,157,5
201506257.jpg 102,261,168,349,5 97,226,153,272,5 87,315,150,395,5 189,267,229,306,3
201406062.jpg 128,56,221,104,3 83,122,326,231,5
201504021.jpg 143,59,313,124,6 2,72,76,102,2 83,65,124,95,2 220,1,400,196,6 175,119,229,216,4
201609293.jpg 76,52,298,230,4
200811054.jpg 70,88,106,144,5 191,47,271,178,5 273,64,289,86,5 88,7,138,67,5
2009070363.jpg 332,257,493,431,2 539,237,706,444,2 1,1,356,284,6 295,1,715,332,6
201207176.jpg 72,201,269,397,5 90,137,207,221,5 114,112,173,162,5 61,85,126,154,5 19,153,92,217,5 1,207,94,296,5 12,291,98,379,5
201406024.jpg 31,43,172,262,12 157,33,331,298,12
201405149.jpg 71,3,384,284,3 11,214,89,295,3
201008129.jpg 205,179,220,200,2
201008119.jpg 341,55,400,125,6
200909013.jpg 367,185,410,227,3 212,188,276,230,8
2010111913.jpg 262,349,309,373,3 203,406,282,511,5 150,390,217,491,5 579,352,620,390,6 547,351,578,377,6
201006212.jpg 47,133,129,209,9
2008112327.jpg 87,327,278,481,9 256,330,477,486,9
2017021412.jpg 298,3,321,24,6 268,1,290,19,6
200907092.jpg 204,9,242,51,5 86,70,122,92,4 110,78,135,108,4 76,92,125,131,6
201305238.jpg 408,239,471,320,5
201711201.jpg 74,47,328,280,3
20130218.jpg 185,28,328,163,9 81,3,213,128,9 40,126,217,225,9
2008112512.jpg 138,281,210,440,5 104,338,177,523,5
201410132.jpg 119,175,301,272,4
200906303.jpg 227,122,295,159,9 222,157,301,183,9 147,154,222,181,9 193,134,268,162,9
2018032822.jpg 130,138,237,260,5
201011052.jpg 1,153,380,280,7
201611241.jpg 152,121,256,178,9 332,100,400,146,6 198,129,230,164,3
201711011.jpg 33,43,336,298,5
2017062916.jpg 125,220,271,300,5 1,147,81,212,6
201602016.jpg 289,79,327,103,6 159,102,400,244,6 54,135,92,171,9 217,110,240,126,8
201601142.jpg 1,1,378,300,4
2012091115.jpg 182,145,228,157,9 182,157,229,170,9 190,178,228,191,9 189,188,225,199,9 188,195,226,209,9 189,207,227,219,9 190,215,228,230,9
201011053.jpg 251,269,286,300,5 284,268,317,300,5
201803087.jpg 16,1,374,297,3
2008120614.jpg 1,249,36,327,2
201606161.jpg 78,2,331,285,7 63,220,259,300,7
201412151.jpg 122,87,242,254,3
20080428.jpg 1,57,76,164,12
201208082.jpg 2,3,400,266,9
201704216.jpg 168,93,284,262,5
201409091.jpg 87,92,111,121,13
2014110517.jpg 143,144,264,246,4
200807258.jpg 623,420,698,509,5 703,404,783,518,5
201804301.jpg 3,89,298,317,3 69,118,150,168,3
201607151.jpg 19,86,338,201,11
2010081914.jpg 169,144,200,160,8 341,187,385,208,8
201511232.jpg 4,33,256,299,9 222,40,398,251,9
2009032419.jpg 390,293,481,359,9
2013082817.jpg 132,119,245,209,4 302,139,399,300,5
200907028.jpg 1,1,184,263,13
201603291.jpg 109,124,384,253,3
2009081810.jpg 170,162,269,246,9
201210311.jpg 13,7,276,176,6
20120815.jpg 67,226,109,278,5 195,210,302,257,5
2012103124.jpg 133,307,186,378,5 458,179,506,226,8
201711205.jpg 173,107,322,247,5
20130620.jpg 106,89,323,238,9
201706234.jpg 98,101,201,130,2 172,64,239,96,2 177,41,241,58,2 1,153,212,262,6 206,128,400,241,6 35,42,102,68,2
201804177.jpg 205,236,258,300,5 134,162,170,201,5 140,193,196,248,3 287,128,339,147,3 280,84,306,111,3 209,110,243,131,3 292,182,313,241,2
2010112712.jpg 93,327,139,381,5 137,170,196,232,6
2009041517.jpg 65,190,100,223,3 108,90,242,201,6 77,1,189,75,6 21,13,84,81,6 9,75,85,136,6 182,34,257,113,6 186,1,247,38,6 298,162,356,208,6 306,210,339,245,6
201608241.jpg 95,107,258,186,3 63,116,307,234,3
20130621.jpg 111,151,330,265,8 132,128,271,186,5 128,84,242,146,8
201504305.jpg 49,17,339,282,5 17,51,92,134,5
201804206.jpg 110,76,256,286,3
201308201.jpg 178,225,227,257,8 137,221,182,253,8 101,219,147,248,8 68,214,112,246,8 20,213,68,238,8 1,210,35,235,8
201507281.jpg 112,132,232,222,3 132,89,189,135,3 1,255,73,375,7 239,179,300,243,7 130,257,226,333,7 73,213,261,349,7 164,104,272,157,2 232,156,300,186,2 1,134,70,208,7
201305012.jpg 46,125,91,178,6 186,148,256,202,6
2016050514.jpg 21,43,309,238,5 6,3,144,65,4
20110502.jpg 68,155,222,299,5 192,170,275,263,5 182,129,261,210,5 206,92,279,188,5 262,53,336,146,5 113,45,210,120,5 187,15,277,81,5
200811156.jpg 308,98,324,124,13 324,99,341,125,13 178,87,199,120,13 552,168,568,189,13
201804238.jpg 137,230,263,294,6 216,199,256,231,4
20100910.jpg 61,92,168,191,3 63,148,161,251,3 279,62,387,143,3 269,102,379,228,5 98,30,226,165,5 63,14,123,64,6 140,213,243,299,3 145,157,267,258,3
201405221.jpg 208,127,269,216,10 284,190,375,262,10 107,195,242,292,6 85,234,116,262,2
2013011650.jpg 69,90,139,193,6 166,102,281,210,7 3,108,90,208,6
201308121.jpg 26,87,397,269,6
201312302.jpg 257,128,355,205,4 332,58,400,205,6
201401146.jpg 187,119,267,221,3 187,224,216,251,3
201010065.jpg 54,100,141,244,5 239,121,339,295,5 1,160,45,211,9
2013062417.jpg 86,164,142,192,2 81,199,126,255,2 241,161,284,194,2 35,225,92,282,2 263,3,377,170,6 71,58,168,140,6 298,225,327,275,2 348,223,374,271,2 345,191,389,208,2 278,209,300,262,2 23,179,73,199,2 37,189,91,205,2 161,259,208,279,2 189,224,227,249,2 235,229,274,250,2 197,232,230,269,2 69,251,91,300,2 147,188,169,233,2
201611224.jpg 145,22,295,286,5
201405082.jpg 1,67,399,299,5 93,180,200,237,3
200811253.jpg 27,19,298,237,4
201208155.jpg 246,124,324,144,9 251,140,325,161,9 260,158,328,176,9 252,174,323,195,9 260,188,327,209,9 181,136,264,172,9 162,64,249,152,9 170,171,254,200,9 246,203,331,229,9
201406027.jpg 85,146,209,300,6
201807171.jpg 104,64,252,203,5 116,193,291,300,6
20090430.jpg 137,149,154,187,2 259,232,316,279,3 162,65,400,299,4 148,40,195,98,5
2018081433.jpg 102,42,398,247,7 170,83,325,198,4
201011291.jpg 385,322,474,430,6 445,307,585,458,6 240,262,427,428,6 582,303,765,429,6 431,262,671,316,6
20090930.jpg 1,1,164,134,3
201507122.jpg 12,276,130,396,5 33,94,286,306,4 206,29,280,107,3
200811157.jpg 51,45,148,198,13
2008121417.jpg 5,244,640,474,6 315,230,338,256,5 544,252,569,284,5
2014110521.jpg 62,42,369,300,5
2008113027.jpg
201010013.jpg 129,191,152,207,4
20130611.jpg 176,318,186,336,2
201009032.jpg 54,179,191,268,8 89,137,191,190,8 155,100,240,194,4 364,208,399,223,7 359,48,400,158,6 249,150,334,216,8 15,116,68,146,8 344,54,365,68,3
200811299.jpg 1,159,367,480,6 366,225,640,480,6 428,155,640,282,6 15,45,193,109,6 200,56,640,198,6 219,2,260,46,13
201406308.jpg 36,50,362,228,9
201004071.jpg 76,144,160,223,9 150,121,211,147,9 271,138,342,169,9 303,87,342,124,9 374,107,400,127,6 368,92,390,106,6 342,88,369,120,6
201404014.jpg 13,37,394,253,4
2010082416.jpg 98,124,263,300,13
201706297.jpg 158,155,199,214,5 1,43,107,121,4 75,96,113,138,6
201508277.jpg 319,22,397,104,5 219,67,286,159,5 169,128,250,202,3 32,85,60,124,2 68,52,115,107,4 18,49,171,166,8 219,1,261,46,9
200811242.jpg 96,368,209,454,4 337,224,362,266,2 386,285,449,332,2 236,219,309,289,6 207,49,297,152,4 179,221,227,267,3
201703032.jpg 1,113,112,204,5 60,51,382,208,5 306,108,400,181,5 111,2,321,77,5
2011092815.jpg 100,52,230,276,5 265,256,320,284,2 253,182,278,226,2 359,253,383,286,2 240,99,299,141,5 224,196,346,280,2
201608151.jpg 139,115,169,147,5 162,110,195,144,5 233,108,265,145,5 178,94,221,145,5 183,158,213,191,5 160,140,190,176,5 188,177,374,300,6 231,149,260,184,2 88,98,112,114,3 242,77,288,116,9 16,118,82,180,5 342,108,372,135,2
201407028.jpg 46,87,282,210,3 201,242,284,292,7 283,213,311,277,2
2017021015.jpg 184,189,221,260,3 111,75,181,136,7
201511262.jpg 169,160,234,248,5 229,152,293,242,5 46,159,177,268,3
201708044.jpg 67,133,207,298,5
2008112331.jpg 505,1,593,101,13
201607253.jpg 177,126,242,157,5 162,112,226,149,5
201207096.jpg 69,13,299,252,5
200907236.jpg 24,1,374,300,5
201510052.jpg 1,66,63,155,6 214,190,263,266,4 96,119,145,171,4 96,165,144,218,4 163,224,210,265,5 28,210,91,264,6 372,8,396,45,13
201702233.jpg 214,140,295,226,5 308,146,385,214,3 294,118,400,243,8
2017062926.jpg 84,93,288,231,5
201010251.jpg 181,209,202,222,3 172,204,181,222,2 209,187,236,223,5 357,129,366,155,2 306,220,348,237,6 351,191,400,284,6
2010091021.jpg 235,29,293,217,13
20090611.jpg 180,87,275,291,13
201506241.jpg 57,180,205,292,5 244,227,370,300,5 274,145,324,189,5 279,124,326,147,5 299,164,327,182,3
201605014.jpg 38,114,80,138,9 126,156,178,186,9 175,177,211,209,9 199,154,247,181,9 227,168,276,211,9 280,97,327,129,9 77,97,131,127,9 130,120,169,147,9 301,244,339,287,3 280,122,328,146,9 279,139,328,166,9 278,158,327,185,9 277,178,326,205,9 276,198,325,225,9 275,218,324,245,9 225,195,275,228,9 225,217,275,245,9 124,175,178,203,9 123,196,175,224,9 123,215,175,243,9 56,243,125,300,6 79,117,131,143,9 78,137,130,163,9 77,157,126,181,9 77,176,124,198,9 76,196,123,218,9 34,129,80,157,9 27,149,76,170,9 25,167,78,192,9 24,187,77,212,9 1,146,25,212,9 22,72,58,91,9 24,88,60,101,9 9,100,56,117,9 81,86,129,102,9 119,64,151,80,9 121,77,151,91,9 89,75,121,91,9 214,85,257,105,9 169,65,193,79,9 167,78,197,95,9 169,107,205,124,9 166,121,205,139,9 165,133,204,152,9 174,206,213,225,9 166,142,205,161,9 141,49,171,68,9
2011092812.jpg 246,149,328,226,9 330,155,395,229,9 109,154,167,213,9 54,153,107,213,9 21,149,61,206,9
201306207.jpg 77,62,178,192,5 182,28,299,144,5
201008193.jpg 365,323,397,351,2 395,317,426,350,2 340,277,362,303,6 362,278,392,298,6
201007207.jpg 109,1,248,206,5
200907231.jpg 50,107,146,158,9 61,138,153,189,9 63,167,158,227,9 61,205,146,248,9 66,228,151,271,9 155,79,249,129,9 160,113,257,162,9 159,148,248,188,9 160,174,249,216,9 162,196,253,245,9 154,220,248,273,9 256,114,333,151,9 251,140,341,182,9 249,171,337,207,9 250,197,338,235,9 255,225,337,263,9 277,63,379,93,6
201408271.jpg 116,167,153,194,9 152,213,188,251,9 118,235,157,260,9 185,159,211,180,9 181,187,210,208,9 117,207,152,224,9 115,197,152,213,9
201608213.jpg 43,3,222,290,2
201011014.jpg 379,234,400,285,5
2015091010.jpg 256,75,262,85,13 262,75,269,85,13 392,82,399,89,13
201506024.jpg 195,152,400,253,3 1,108,91,186,5 113,101,188,171,5 1,10,134,154,5 199,112,278,172,5 322,92,400,174,10
201404294.jpg 123,180,272,300,9 162,105,263,176,9 177,45,230,79,9
201012117.jpg 45,157,245,300,3
201406111.jpg 242,159,270,178,9
201507102.jpg 86,1,270,61,3 1,5,86,71,3 115,35,267,68,7
201306172.jpg 100,54,267,225,9
201209054.jpg 30,206,108,275,9 212,83,254,110,9 211,104,255,118,9 212,114,255,127,9 252,91,265,121,2 242,119,274,158,5
201804184.jpg 42,82,361,215,8
2016112213.jpg 40,88,261,300,8
201207255.jpg 259,105,303,139,4 239,83,271,127,5 295,60,356,120,8 29,85,107,116,6 123,86,243,116,6
201605025.jpg 81,118,327,281,3 324,126,400,195,8 277,52,355,99,6 113,95,338,126,7
201402122.jpg 111,176,146,209,5
2015010712.jpg 181,139,205,157,3
201101121.jpg 191,258,210,277,5
201511095.jpg 58,88,203,238,5
201007271.jpg 172,282,208,306,2 107,344,164,381,2 61,275,172,350,6 17,279,43,319,2
201207094.jpg 106,104,376,260,4
2011091612.jpg 74,84,319,221,9 6,55,83,107,8 1,115,90,210,9
20100812.jpg 1,57,400,299,3
2018032813.jpg 89,66,348,178,5 75,182,267,265,5
2008121319.jpg 122,1,563,401,13
201806051.jpg 99,109,247,209,5 1,23,79,102,4
2008120647.jpg 137,158,523,306,6
201011075.jpg 77,135,148,251,5 30,227,77,286,5 196,110,208,127,5
20090708.jpg 113,71,309,200,6
2015061611.jpg 172,144,284,298,5 119,193,149,228,3
20110909.jpg 96,103,297,300,5
2017020911.jpg 113,100,203,192,5 118,170,148,203,2 60,194,117,258,2 143,214,190,261,2 279,118,324,170,2 191,169,268,238,7 87,255,141,299,7 136,254,247,300,6
2008113034.jpg
201205161.jpg 126,61,283,297,13
201407022.jpg 178,114,261,199,9
201306131.jpg 211,174,351,280,3 126,135,248,242,8 93,51,149,133,3
201401089.jpg 112,242,236,300,4
201701263.jpg 81,147,121,191,9 136,154,180,198,9 95,126,138,150,9 1,147,28,180,9 141,125,179,147,9 237,131,281,160,9 243,157,292,202,9 337,163,389,211,9
201207171.jpg 57,32,328,280,5
201009246.jpg 55,156,183,267,6 282,196,342,271,6 209,194,283,272,6 264,130,325,208,6 185,159,249,259,6 163,108,241,173,6 67,102,92,136,6 51,122,69,137,2 183,84,214,108,2 100,135,126,154,2 19,87,39,107,5 81,21,91,37,2 31,29,42,42,2 85,47,113,85,6 148,64,178,94,7
201611221.jpg 77,79,384,300,6
2010091040.jpg 431,227,481,255,3 457,216,502,243,3 153,287,200,349,5
2016061512.jpg 172,73,322,259,4 54,235,168,299,6
201803083.jpg 40,2,345,298,4
201409033.jpg 92,185,200,300,5 220,247,285,300,5 184,159,289,292,5
2013071813.jpg 212,133,336,270,3 157,140,218,229,5 104,92,178,212,5 83,135,117,192,5 39,144,91,190,5 65,181,91,202,5
2017062930.jpg 6,81,400,275,5
20080501.jpg 154,345,262,472,5 206,225,356,405,5
201312241.jpg 116,205,162,228,8 244,186,285,212,8 108,221,138,245,8
201706202.jpg 16,3,111,207,9 282,1,395,197,9 266,168,315,197,3
200906184.jpg 71,166,108,205,5 96,166,139,221,5 116,179,163,243,5 160,192,214,262,5 257,224,309,282,5 194,143,222,180,5 163,71,196,116,6 266,203,299,234,5
201405292.jpg 15,3,85,80,6 112,136,148,185,9 98,183,141,230,9 73,1,130,71,6
2015061810.jpg 103,55,300,234,5
201507123.jpg 1,62,188,300,4 254,120,371,236,3
201003245.jpg 75,21,296,264,5
201807301.jpg 69,178,226,295,5 287,271,317,291,3 345,252,400,295,6 352,115,400,161,4
201511092.jpg 64,128,203,285,5
201507033.jpg 152,113,175,156,2 230,202,308,278,6 111,164,145,183,2 193,124,225,150,2 107,231,141,261,2 188,262,208,292,2
201312125.jpg 27,67,66,93,9 56,80,97,108,9 138,80,186,100,9 119,70,154,100,9 37,165,62,191,3
200904309.jpg 212,96,231,132,3 172,208,218,276,5 324,161,343,186,2 285,149,310,174,5
20081109.jpg 29,1,239,200,13
201806285.jpg 8,75,357,265,9
201509015.jpg 268,85,309,127,3 264,58,297,89,3 45,58,278,256,4
201611181.jpg 60,15,270,232,2
201603311.jpg 1,1,400,300,6
201504303.jpg 45,119,377,267,7
201505045.jpg 329,200,377,232,5 298,198,328,216,3 63,83,202,211,13 213,160,253,186,3
2010082614.jpg 221,240,270,301,5 288,264,335,310,5
2008120617.jpg 137,122,265,195,4
200905272.jpg 146,62,160,106,2
2009032411.jpg 284,358,307,380,3
201604204.jpg 106,1,350,213,8 132,47,230,169,3
2017062216.jpg 1,146,158,300,5 214,103,379,239,7
201306248.jpg 343,141,381,184,5 148,107,275,299,6 311,143,377,230,6 288,131,327,208,6 168,46,246,123,6 243,80,295,131,6
201106232.jpg 96,128,272,262,9 135,47,268,108,9 143,99,271,141,9 298,63,400,87,7
201606062.jpg 200,212,247,292,5 2,169,43,203,3 138,188,181,232,3 160,133,206,202,5 58,187,84,216,2 213,186,230,201,2 316,55,331,93,2 335,57,353,97,2 354,65,371,103,2 177,41,284,189,12 241,204,303,236,7
2010093013.jpg 77,200,107,262,5
201806292.jpg 72,79,124,111,5 38,107,121,153,8 25,169,58,201,3
201505047.jpg 1,114,372,299,6
200808216.jpg 96,460,285,717,9 93,380,238,460,9
2015063023.jpg 115,126,234,219,3 132,90,187,135,3 241,176,298,246,7 2,254,72,376,7 128,256,228,333,7 74,210,262,345,7 169,103,272,157,2 229,157,300,184,2
201504207.jpg 1,44,398,299,11
200807184.jpg 173,221,234,264,3 1,209,55,306,3
201506046.jpg 350,93,400,154,4 122,148,140,160,3 148,141,163,159,2 157,119,173,143,2 162,137,196,161,4 205,130,233,158,4 60,152,76,165,3 290,185,304,204,5 305,188,319,207,5 311,216,331,265,4
201409113.jpg 121,164,156,205,8
2014010812.jpg 155,196,203,284,5 216,191,265,280,5 27,1,121,134,5 237,77,293,132,5 108,106,211,146,7
2010103013.jpg 118,126,246,261,2 227,172,374,300,2 50,96,138,214,2
2008072512.jpg 368,28,557,373,13
201112081.jpg 29,37,86,103,5 115,68,144,115,3 85,36,116,114,5
201306186.jpg 1,1,399,267,9
201010207.jpg 172,181,198,194,8 198,179,229,195,8 170,193,196,207,8 198,205,222,215,8
20090921.jpg 163,129,223,166,4
201012213.jpg 190,285,419,540,3 427,227,654,472,3
201210152.jpg 281,254,315,291,5
201704131.jpg 1,65,400,299,5
2015090110.jpg 99,2,130,35,4 306,192,400,277,6 150,85,175,106,4
201305062.jpg 136,151,251,271,5 173,84,266,175,5 122,69,200,146,5 157,188,224,251,3 88,56,130,113,2 18,198,81,280,5 81,217,185,296,5 54,141,133,221,5 100,1,168,45,5 1,11,62,58,5 120,38,154,71,2 268,1,382,81,6
201402054.jpg 249,1,400,294,6
201511196.jpg 130,62,231,238,5
201807305.jpg 62,3,366,250,1
201602038.jpg 4,34,387,235,4
2010111415.jpg 257,243,326,300,6 1,160,63,203,6 15,204,61,240,6
201208171.jpg 86,72,343,300,5
201803012.jpg 1,1,400,299,5
20130205.jpg 221,133,252,155,6
201404071.jpg 150,146,252,237,9 125,141,172,158,9
201410206.jpg 16,71,400,194,8
201611186.jpg 163,130,233,209,5 85,185,193,290,5
201010061.jpg 24,212,76,251,8 182,165,338,204,6 229,232,261,255,3 267,250,299,268,6 335,266,358,294,6 136,1,187,42,13
20130716.jpg 343,237,391,262,3 56,97,200,222,9
20121025.jpg 98,170,139,198,3 208,200,237,212,2 236,177,281,203,5
200811214.jpg 353,313,402,379,5
200907201.jpg 65,183,199,235,7 21,1,284,198,3
201009303.jpg 280,134,324,174,3 196,84,237,118,3 183,242,200,261,3 162,233,194,262,2 277,51,334,124,5 373,77,400,95,7 367,91,400,138,5 69,29,130,101,3 125,100,194,140,6 157,129,239,157,6 93,96,128,111,6
201111033.jpg 182,124,240,202,6 123,178,169,266,6 244,148,267,173,5 255,188,277,206,3 240,215,271,256,6 168,210,244,284,4 1,195,76,300,4
200907272.jpg 114,51,283,157,8 279,36,400,152,8
201505137.jpg 161,200,208,264,5 121,172,167,221,5 28,194,87,231,9 29,221,88,245,9 202,197,246,245,9 114,57,169,110,6 78,128,101,166,2 107,172,122,207,2
200909182.jpg 233,234,522,501,9
2010062310.jpg 58,174,114,207,8 150,174,212,221,8 195,185,279,237,8 277,193,358,248,8 126,191,142,210,3 115,197,129,218,3 102,202,116,223,3
2011072914.jpg 392,240,442,273,5 473,195,504,218,5 609,194,633,225,6 586,192,610,224,6 250,228,344,452,6
201611184.jpg 51,85,206,243,5
2008120638.jpg 527,118,699,228,4
201708243.jpg 119,122,225,272,5 5,183,47,231,5 214,156,281,258,5
201010315.jpg 186,123,245,168,5 207,192,267,257,8 111,180,191,244,8 36,134,108,187,8
201607153.jpg 11,78,377,171,6
2015061819.jpg 286,97,399,246,5 160,97,278,242,5 1,201,61,247,2 4,100,138,227,5
2018081450.jpg 90,71,328,242,3
201008125.jpg 218,32,334,95,8 553,19,624,97,5
20091001.jpg 97,87,293,238,6 144,1,319,90,6
201707245.jpg 53,160,190,303,5
2017080413.jpg 88,68,273,251,5
201109065.jpg 108,146,258,241,9 116,196,270,270,9 149,234,278,297,9
2016061510.jpg 125,70,288,232,3 58,1,400,254,11
200808112.jpg 216,435,304,518,5 299,469,412,520,4 485,451,574,517,3 290,416,352,444,2 270,386,381,460,4 168,415,246,459,3
2010091036.jpg 58,132,266,400,5 326,50,569,275,3 34,143,95,203,3 578,48,639,104,5 566,99,639,177,6
201005051.jpg 62,112,172,283,5 160,103,253,254,5 283,161,321,206,5 249,130,288,212,3 301,97,345,127,6
201706015.jpg 121,163,336,299,6 303,241,396,300,4
201603241.jpg 97,97,393,241,3
2010112615.jpg 301,239,378,301,4 281,170,373,243,4
201009304.jpg 59,125,180,230,6 14,155,65,188,4 14,182,37,201,2 20,218,44,241,2 45,205,74,223,2 70,223,107,242,2 288,132,301,173,2 302,137,315,178,2 322,147,340,182,2 301,192,350,214,2 112,232,139,255,6 348,125,400,160,5
201409021.jpg 57,131,130,164,9 71,79,162,147,6 172,158,321,254,6
2018081434.jpg 118,124,224,249,7
201701269.jpg 119,69,300,228,3 333,120,400,209,6
201509283.jpg 253,113,359,166,5
2018081456.jpg 124,80,293,238,5
201803071.jpg 61,1,332,300,2 95,129,149,222,2
201801041.jpg 148,178,220,242,6 302,108,317,131,5
200907026.jpg 48,71,353,300,5
200809051.jpg 201,41,583,277,9 100,88,251,340,6
201007282.jpg 176,98,287,213,3
201402261.jpg 108,84,227,223,13 89,202,208,329,5
201309242.jpg 101,120,250,299,5 215,99,330,232,5
2017052529.jpg 120,62,250,260,5 85,218,161,299,3 276,97,400,297,6
201705262.jpg 47,53,353,289,5
201105026.jpg 118,122,221,235,5 74,66,107,173,2 177,196,314,234,8
201306062.jpg 74,94,273,249,6 56,227,132,299,6 100,86,146,114,4
201706031.jpg 14,69,88,106,7 88,31,313,130,3
201611188.jpg 40,153,199,333,5
20110902.jpg 148,153,223,217,5 185,142,272,209,5 291,202,311,239,2 88,185,179,242,5
201205081.jpg 21,1,400,297,6
2018052213.jpg 31,46,300,315,7
201405308.jpg 111,149,274,209,7
2010121010.jpg 249,62,290,109,5
2018061125.jpg 112,17,305,293,2 108,41,360,144,7
201008186.jpg 97,105,132,177,3 127,139,161,163,2 110,55,148,139,3 181,161,198,198,2 252,144,293,197,2 235,103,257,138,2 318,38,346,74,5 333,69,347,77,3 348,57,373,80,3
201605305.jpg 39,1,399,228,5 6,63,385,298,8
201007203.jpg 145,119,268,268,5 1,42,86,153,5 1,1,69,73,3 342,20,400,120,3 80,1,162,179,6
2008110511.jpg 438,48,715,165,9 433,154,709,282,9 427,251,702,393,9 413,333,699,493,9 417,438,702,564,9 1,8,181,92,9 1,76,197,169,9 1,157,187,244,9 1,241,194,325,9 1,311,189,388,9 1,363,188,462,9 1,413,197,538,9 1,507,186,599,9 269,126,427,203,9 184,155,294,230,9 190,217,303,296,9 187,277,301,352,9 188,342,297,422,9 189,381,308,479,9
2012071710.jpg 94,29,335,290,5
2014110723.jpg 188,128,290,300,5 116,161,197,260,5 151,132,173,152,3
201302056.jpg 410,192,458,248,5 392,181,439,239,5
20081111.jpg 289,54,515,500,9 248,48,496,496,9
201308132.jpg 52,111,221,299,5 171,106,307,300,5 166,77,307,117,7
201410203.jpg 107,99,208,192,3 106,178,230,291,3 189,110,273,223,3
201705312.jpg 169,175,351,270,9 1,52,206,132,9 131,82,349,177,9
2017021016.jpg 126,131,201,191,3
20090324.jpg 17,562,121,600,8 585,326,686,390,6
2009041614.jpg 314,84,372,111,6 182,190,262,230,6 275,142,317,166,6 367,108,400,138,6 334,135,369,150,3 317,111,361,126,4
2010081812.jpg 83,56,223,230,5 41,37,101,88,4 260,189,307,209,2 287,152,307,187,2 226,151,263,205,4
201506013.jpg 115,165,208,235,5 210,156,302,226,5
201210168.jpg 238,200,384,256,9
201311293.jpg 306,172,327,196,10 121,113,213,206,6
201611185.jpg 40,145,180,242,4
201010312.jpg 1,184,48,213,6 12,115,59,136,4 252,230,307,301,6 25,1,39,20,13 160,4,168,12,13 57,252,86,276,5
2016112223.jpg 204,6,272,108,5 279,30,292,52,2
200811273.jpg 281,359,388,415,6 314,407,451,480,6 231,293,307,379,6
201009249.jpg 104,137,161,171,3 52,144,119,192,3 95,183,122,208,3 127,188,143,212,2 203,174,259,257,5 143,170,205,239,5 83,95,111,113,5 1,244,79,301,3 259,208,274,225,2 257,183,271,206,2
201407035.jpg 10,92,292,248,3
201207063.jpg 227,67,324,128,8 110,154,155,193,8 103,192,157,229,8 235,126,303,165,8 105,228,150,277,5
20130610.jpg 51,1,389,224,4
201211092.jpg 263,1,691,522,13
20130710.jpg 27,103,212,178,9 25,155,214,229,9 27,204,209,275,9 43,233,227,326,9 137,59,244,90,9
201602014.jpg 74,56,398,281,8
201408131.jpg 19,1,143,167,5 269,103,345,181,3 263,107,357,232,3 125,161,254,300,3 46,229,135,300,3 256,61,335,110,2
