201010303.jpg 297,56,326,80,2
201306209.jpg 154,49,298,208,3 122,31,148,55,3
2009072314.jpg 1,2,400,299,6
2017052510.jpg 145,203,300,337,3 2,144,71,249,5 84,128,142,225,5 147,149,209,230,5 1,13,95,206,5 241,119,300,231,10
2011092210.jpg 209,111,319,285,6 1,205,182,299,6 60,33,211,237,6
201502051.jpg 114,78,396,199,13
200811168.jpg 121,79,250,183,4
201504022.jpg 175,152,216,207,5 305,57,345,84,8 292,74,325,102,8 209,118,239,155,5 47,157,114,198,8 20,144,48,179,8
20120806.jpg 122,232,191,300,6 192,256,279,300,6
201510263.jpg 169,29,229,146,5 126,38,179,135,5 33,98,99,152,6 213,133,244,175,3 123,109,220,230,4 320,137,400,196,7
2014110713.jpg 127,117,277,248,3
201506169.jpg 73,55,303,295,8
200907244.jpg 112,1,333,232,13
201407182.jpg 68,69,359,300,11 307,1,400,42,7
201008171.jpg 174,308,221,361,5 257,267,297,296,3
2011100722.jpg 67,20,114,59,8
2013071816.jpg 138,128,222,192,9 161,91,310,149,6
201706237.jpg 3,16,388,292,11 59,178,228,268,3
200804252.jpg 70,322,139,446,5 129,299,257,460,5 368,369,487,551,5 507,478,800,600,6 294,372,384,524,5 231,371,302,483,5
201110241.jpg 233,188,277,231,5 43,242,94,299,5 37,124,119,249,5 106,141,176,261,5
2018052210.jpg 1,178,175,297,5 175,128,251,171,4 140,21,280,68,4 277,1,359,26,8
2018081463.jpg 203,23,262,88,3 281,74,361,157,3 109,222,182,294,7
201807126.jpg 194,111,283,236,5
200811208.jpg 177,346,212,379,2 216,337,246,368,2 386,366,406,394,2 201,423,243,477,2 251,364,310,395,6
201807178.jpg 109,36,326,253,7
2012121012.jpg 139,187,246,242,6 246,191,309,267,6
201010304.jpg 84,121,207,206,3
201410242.jpg 119,108,145,117,9 120,116,145,124,9 119,124,143,132,9 119,132,145,140,9 121,139,145,148,9 119,148,143,157,9 152,113,174,124,9 151,121,174,131,9 153,130,175,138,9 128,137,161,211,9 145,139,177,213,9 167,148,209,238,9 198,162,259,283,9 229,158,288,287,9 262,164,311,286,9 289,160,340,289,9 320,156,373,291,9 21,107,58,137,9
200906236.jpg 94,192,129,227,9 190,197,210,216,9 262,192,292,223,9 219,191,241,223,9 304,187,324,220,9 294,187,314,220,9 285,189,304,220,9 232,190,250,222,9 129,191,164,226,9
201709264.jpg 3,56,395,300,5
201407293.jpg 111,126,175,208,5
201008185.jpg 89,34,311,97,6
201111027.jpg 135,300,185,336,3
201304181.jpg 97,87,337,296,5 342,168,400,248,5
201806117.jpg 88,125,328,268,3
201609124.jpg 13,88,364,220,3
201507168.jpg 118,101,280,234,3
201012104.jpg 94,81,231,148,9 100,129,230,178,9 1,112,94,214,9 37,161,201,276,9 33,227,204,300,9 222,70,313,116,9 226,108,316,146,9 227,130,318,174,9 228,165,314,200,9 294,50,362,86,9 329,90,400,138,9 328,130,400,159,9 325,152,400,181,9
201010241.jpg 161,99,233,175,5 30,126,142,225,3 56,54,106,68,7 123,1,213,28,5 140,9,251,55,4 46,92,73,121,3 126,116,155,147,3 109,87,145,116,3 144,82,170,107,3 169,92,192,116,3
2008121426.jpg 228,35,250,74,2 268,14,302,55,5 230,1,275,49,5 287,106,320,124,2
201405132.jpg 219,21,277,61,5 164,47,304,177,5 300,63,338,109,6 299,102,335,159,6 332,116,381,178,6 1,70,63,117,6 1,107,78,157,6 189,54,214,72,2
201808023.jpg 51,18,311,277,5 176,113,260,188,3 294,65,334,140,5
201308221.jpg 154,73,284,160,9 130,126,267,194,9 13,22,152,112,5
2010110811.jpg 42,67,211,300,13 237,24,400,300,13
201801127.jpg 82,79,184,163,9 155,126,273,235,9
201008161.jpg 42,220,164,300,5 96,92,291,276,13 10,152,108,222,9
201103082.jpg 209,122,286,166,4
2011112515.jpg 468,136,673,342,6 322,217,369,261,4 394,262,432,290,3 724,206,743,260,2 4,222,234,455,4 397,322,657,497,4 419,452,672,598,4 18,426,272,603,4 387,127,455,210,6 268,132,324,246,6 649,428,743,484,6
201511242.jpg 135,250,190,300,5 199,244,261,299,5 258,181,275,197,3 124,93,156,124,4 256,146,307,183,4 332,97,400,144,4 1,180,123,274,6
201603182.jpg 117,140,251,228,3
20120713.jpg 205,61,366,256,5 100,5,232,210,5
201404101.jpg 36,133,172,220,9 41,172,184,259,9 162,88,257,141,9 161,129,259,175,9 164,155,268,203,9 230,82,302,117,9
201611177.jpg 215,80,308,140,3 129,190,237,296,3
201309113.jpg 208,117,308,228,8
2017062215.jpg 76,91,313,282,5 131,7,286,110,8
201312246.jpg 175,191,229,247,3 230,121,369,300,13
201109284.jpg 239,134,390,300,5 135,118,272,293,5 93,77,189,234,5 9,37,103,187,5 22,20,87,34,7 25,29,92,39,7
201407026.jpg 163,94,273,279,5 66,63,173,143,6
2015082710.jpg 140,81,285,298,5 8,190,90,284,2
201011117.jpg 120,210,162,264,5 70,221,114,268,5 491,383,521,409,3
201409293.jpg 200,136,303,210,8 136,161,202,226,8 241,185,336,275,6 290,202,311,253,2 269,204,299,252,2 182,178,273,259,8 179,230,260,295,8
201603032.jpg 139,203,261,283,7 131,38,193,90,2
200811287.jpg 402,322,449,376,5 453,329,505,398,5
2014110513.jpg 124,79,281,196,3 200,124,251,166,3
2013062420.jpg 213,95,243,131,5 114,190,170,251,5 176,236,247,300,5
2014010810.jpg 104,154,284,300,4 109,19,264,119,1 269,108,306,127,3
2016112412.jpg 145,166,251,268,8
2010092422.jpg 181,222,250,283,3 122,116,189,169,3 118,154,143,179,3 258,78,300,128,5 281,66,334,127,5 198,189,231,223,5 14,182,53,239,3 155,63,195,94,10
2013022610.jpg 433,150,481,226,9
2009032424.jpg 291,262,329,290,3 326,193,401,279,5 253,285,619,470,11
201611111.jpg 134,106,265,172,3
201611243.jpg 91,46,379,237,4
2018081424.jpg 211,96,229,128,2 181,123,245,182,3 228,94,258,126,7 64,117,122,151,7 10,114,69,152,3
201410311.jpg 119,59,300,106,9
20130613.jpg 170,149,242,183,9 168,169,249,202,9 255,164,335,209,9
200810011.jpg 31,15,193,320,10
201111011.jpg 178,210,369,469,13 348,383,506,480,6 367,218,556,408,5
201110076.jpg 147,173,186,211,1 102,177,147,217,1 127,147,150,176,1
201104292.jpg 325,156,394,227,9 246,146,326,228,9 104,155,168,208,9 51,152,101,210,9 19,149,62,202,9 156,126,190,137,9
201708312.jpg 81,138,173,201,5 252,27,301,66,5
2011111111.jpg 386,189,533,229,9 173,208,319,247,9 3,228,140,266,9
2016050110.jpg 158,73,259,175,3 273,31,400,200,6 1,93,113,300,9 71,143,208,300,9 145,71,176,96,2 168,52,187,77,2
200812041.jpg 27,232,116,410,13 114,233,221,414,13
2013062414.jpg 155,80,200,135,5 109,99,164,126,3 111,67,163,105,4 122,126,149,145,3 184,197,313,279,3 324,232,384,280,7
201308264.jpg 106,223,130,234,9 46,210,71,234,9 65,206,87,230,9 87,201,112,229,9
201203078.jpg 90,67,355,299,5
201702082.jpg 6,114,132,218,9 126,108,241,190,9 235,106,336,180,9 335,133,400,198,9 323,114,400,144,9
2012113018.jpg 164,168,261,279,5 226,170,261,194,3 132,130,181,158,3 305,164,330,200,5
201711021.jpg 28,71,336,299,5 318,221,341,276,2 335,216,365,283,2 356,227,381,285,2
20101208.jpg 19,132,254,331,10 122,64,188,107,6 71,62,212,117,6 100,1,206,76,6
201308219.jpg 155,197,271,271,4
201708046.jpg 59,146,219,322,4
20110308.jpg 338,52,374,70,9
201508126.jpg 341,120,368,173,6 63,159,111,196,4
201604111.jpg 245,207,348,283,8 184,169,312,272,4 83,208,189,291,3 6,95,61,149,3 304,123,359,160,4 243,102,288,135,4 196,118,234,149,4
2010090314.jpg 137,170,195,205,9 142,185,222,250,9 124,251,220,300,9
201706051.jpg 80,90,291,233,5
201208152.jpg 240,79,347,126,3 195,127,343,299,5
201209121.jpg 191,205,270,242,6 47,215,125,261,6 300,183,400,245,6 109,206,192,296,6 303,161,400,193,6 191,110,308,220,6
201401201.jpg 179,125,316,157,9 133,135,362,186,9 138,169,361,211,9 138,189,359,233,9
201212278.jpg 224,1,313,117,6
200909115.jpg 69,63,145,168,5
201009107.jpg 372,51,438,157,5 428,12,621,209,5 575,142,640,276,5 265,125,386,237,8 38,226,265,337,8 1,360,163,480,8 338,301,524,480,8 494,306,640,458,8 115,96,244,130,8
201701264.jpg 79,65,390,297,9
2015061816.jpg 119,127,264,229,3
201707041.jpg 164,21,383,294,5 85,172,171,298,7
200808113.jpg 190,244,618,600,5
201009291.jpg 223,144,258,180,3 201,122,234,157,5 1,112,116,162,6 260,10,400,253,12 119,148,153,201,5
2011122812.jpg 142,183,235,247,6 143,126,213,184,6 19,118,153,267,6 225,149,280,187,6
201306203.jpg 187,54,400,224,3 1,40,182,86,7 1,1,177,118,3
201401087.jpg 155,125,298,215,5
2011092212.jpg 231,177,350,299,5 249,119,339,194,4 34,194,62,267,2 114,83,265,194,6 70,14,159,170,6 1,22,91,193,6 97,210,204,273,6 245,68,361,155,6
201209111.jpg 94,214,162,277,9 95,178,149,203,9 95,197,148,216,9 157,179,211,207,9 149,198,201,221,9 226,168,281,198,9 224,193,280,213,9 315,239,345,269,6 354,238,386,267,6
200910081.jpg 1,1,124,149,5 123,1,400,260,6
2010111917.jpg 196,200,273,246,8 138,133,197,167,6 207,121,247,145,6 210,139,260,177,6 60,254,90,276,6 255,149,294,174,6 251,253,283,301,6 198,164,273,214,8
2008120649.jpg 354,345,516,489,13 1,227,369,449,6
201706013.jpg 202,128,396,295,6
201610053.jpg 190,171,253,287,5
201405293.jpg 100,187,120,210,5
201306257.jpg 127,98,261,260,9 189,64,336,180,9
2013090810.jpg 147,205,276,300,5 159,61,250,160,3 201,151,273,210,7
201606157.jpg 127,44,345,189,3 29,163,253,297,5
201207178.jpg 110,82,290,255,4 264,108,334,187,2
201112091.jpg 65,11,89,33,5
2008121420.jpg 1,126,126,267,5
201406206.jpg 198,165,273,261,5
201611162.jpg 93,113,303,257,4
2015061824.jpg 133,101,281,245,5
2016050512.jpg 45,46,304,289,5 287,200,400,283,5 286,1,400,176,6 260,254,319,300,7
201807306.jpg 135,114,343,289,3 343,169,400,222,2
2014070210.jpg 177,182,230,262,5 152,154,195,217,5 130,148,174,207,5 111,141,150,197,5 87,138,128,191,5
201409294.jpg 84,106,251,262,5 199,197,256,279,5 268,153,311,213,5 310,159,357,221,5 278,203,312,234,3
20100929.jpg 286,172,303,196,2 219,250,241,287,2 150,170,162,195,2 297,190,329,218,4 181,207,201,220,2 82,255,183,292,6 218,159,256,204,6
2010092420.jpg 155,143,271,278,5 38,152,136,263,5
201111183.jpg 159,256,380,374,8 179,337,524,600,1
200905121.jpg 54,1,318,296,10
20110928.jpg 47,132,127,212,9
201307293.jpg 178,132,243,180,3
200811286.jpg 1,77,180,225,3
201004233.jpg 58,119,209,264,9 246,216,270,250,6
2018061117.jpg 2,14,391,223,5
201501261.jpg 1,130,145,300,6 48,36,186,130,6 150,159,239,246,6
2013062011.jpg 1,1,261,214,4
201007218.jpg 345,196,399,227,8 238,192,265,228,5
201205284.jpg 684,479,765,592,5
201212136.jpg 90,1,794,600,5
2017062929.jpg 94,127,316,237,5
201506189.jpg 28,6,400,295,3
2013062410.jpg 154,150,259,295,5 26,199,108,241,3 258,192,291,236,6 99,167,171,223,5 111,148,148,172,5 244,261,265,286,2 333,190,351,205,2 291,216,328,231,2 25,166,93,222,6 319,177,333,195,2 282,151,326,180,6
201702231.jpg 157,95,195,127,4
201109075.jpg 224,176,366,280,7 47,112,88,145,3 5,110,250,213,11 259,124,282,167,2 272,124,361,174,6 1,133,30,194,5
201506254.jpg 84,104,216,214,4 216,94,366,190,4
200903269.jpg 42,1,356,366,13 379,1,620,290,13
201805022.jpg 34,93,179,236,5 184,101,327,237,5
201010205.jpg 156,123,195,150,8 354,150,398,194,8 345,192,386,214,8 218,153,251,172,8 224,179,255,199,8 202,170,227,191,8 179,166,201,186,8 342,208,377,233,8
201509082.jpg 97,168,169,220,3
2013072910.jpg 164,59,229,142,5 156,92,256,226,4
201505272.jpg 46,121,162,167,8 161,108,330,173,8
201511094.jpg 105,97,280,211,4 120,156,270,336,4
20110623.jpg 107,81,321,270,5 1,140,128,299,5
201507301.jpg 105,111,227,292,5 209,56,299,195,5 143,156,215,211,2 167,132,205,167,2
201110144.jpg 153,234,183,261,3 149,255,196,278,3
201511303.jpg 152,116,259,270,5
201607073.jpg 2,1,368,298,5
201705238.jpg 86,126,286,241,6
20090819.jpg 1,1,396,298,12
20101012.jpg 60,258,101,300,5 323,217,346,241,5 294,198,308,208,3
201804203.jpg 240,76,305,154,3 20,47,218,285,5 64,132,139,224,3
201707273.jpg 116,116,380,299,5 35,1,328,170,13 314,23,390,47,4
2017062217.jpg 90,97,187,206,5 174,165,261,268,5
201403215.jpg 267,118,314,188,5 223,134,242,156,5
201011273.jpg 119,1,225,166,13
2018032817.jpg 96,81,360,246,5 170,51,298,115,5 345,165,365,192,2
200907014.jpg 77,20,294,242,5 268,89,329,179,5 208,190,300,275,5
201802265.jpg 49,207,145,299,5 239,124,285,191,5
201406054.jpg 83,97,334,237,4 317,45,400,219,5 249,82,291,104,3
201409297.jpg 74,47,278,299,1
201309243.jpg 21,1,380,300,4
201311202.jpg 346,211,380,253,6 238,183,307,243,6
20120629.jpg 2,153,129,326,5 119,177,239,356,5 75,121,185,186,5
201309101.jpg 117,100,281,233,4
2018061115.jpg 101,36,394,287,3
2010090211.jpg 213,116,237,141,3 179,145,248,214,3
2013123017.jpg 1,63,398,299,6
201403196.jpg 169,184,225,241,3 143,150,198,195,8 271,170,314,222,4 22,166,99,235,4 338,145,376,170,4 222,110,251,131,8 306,159,338,208,8 305,125,332,139,8 305,135,335,147,8 274,144,306,173,8 206,172,236,201,8
201507037.jpg 7,75,286,333,5
2010091010.jpg 45,15,89,40,8 45,34,89,64,8
2008112922.jpg 587,28,638,76,5
201509083.jpg 86,73,316,293,5
2011120218.jpg 472,50,516,88,5 91,175,165,254,5 495,232,533,277,2 90,2,149,46,5 2,240,212,360,4 435,136,529,216,3
201605201.jpg 82,84,177,229,5 150,127,244,270,5
201011054.jpg 142,285,233,374,5 97,89,153,163,5 113,37,155,89,3 97,188,141,219,5 169,175,256,243,3
201804101.jpg 1,114,300,354,5
20090406.jpg 101,96,247,238,3
201611165.jpg 54,52,289,299,5 281,3,400,300,5
2018070511.jpg 181,168,358,300,5 206,176,290,283,3 274,3,293,20,3 86,7,101,24,5 156,6,171,23,5 206,7,221,24,5 267,15,282,32,5 249,1,263,13,5
2009041514.jpg 249,72,388,251,2
2015061820.jpg 141,80,288,295,5
200811147.jpg 531,415,679,573,8 480,299,594,480,5 370,319,422,375,6 209,412,317,525,8
201506269.jpg 1,36,345,297,3
201103291.jpg 281,1,494,90,3
200811239.jpg 112,33,189,130,5 63,51,87,77,5 73,85,96,107,5
201510063.jpg 64,174,115,240,5 310,53,354,136,5
201209191.jpg 222,191,249,220,2
201607227.jpg 122,120,227,179,9 230,126,351,192,9
2012113013.jpg 109,57,300,197,6
201609261.jpg 23,65,237,294,3 173,33,232,98,3 228,28,399,246,3 260,1,365,47,3
201007216.jpg 4,173,138,299,5
201306275.jpg 1,70,400,266,9
201705234.jpg 71,70,298,195,9
201212123.jpg 107,204,144,236,6 161,174,193,206,6 134,178,163,202,6 100,170,138,204,6 71,181,97,201,6 40,179,65,212,6 156,230,179,261,5 77,228,114,261,6 225,215,277,248,4 236,168,263,193,4 97,153,142,177,4 121,238,152,259,4 52,157,82,179,4
2015081412.jpg 265,15,375,71,7 5,29,194,221,5 128,132,331,300,5
201807053.jpg 1,7,391,300,5 1,47,128,195,3 205,18,356,130,6
201701109.jpg 115,45,379,292,9
201709149.jpg 2,117,357,299,5 151,90,195,108,3
201004238.jpg 142,114,174,158,5 127,155,220,230,5
201801192.jpg 81,1,314,165,3 79,256,240,299,2 124,165,300,276,5
2011082313.jpg 194,100,248,172,13
201709251.jpg 93,108,306,300,5
2009070392.jpg 143,99,179,162,2 171,130,197,162,2 133,137,203,170,7
201506259.jpg 59,52,234,252,3 52,1,295,102,8
20101004.jpg 244,191,302,280,5 28,162,100,233,6 49,230,112,291,6 91,157,132,198,6 127,140,162,173,5 189,123,206,137,3 203,140,273,160,6 211,123,236,145,6 109,191,162,251,6 209,174,251,204,6 188,97,201,108,3 179,139,194,159,2
2013071911.jpg 384,209,514,344,5 523,284,658,454,5 421,365,533,496,5 354,303,479,430,5
201210315.jpg 669,490,734,569,5
201603231.jpg 123,69,275,186,3 268,212,369,300,6
2008121517.jpg 364,315,446,350,7
2015070310.jpg 200,207,300,307,3
201211071.jpg 480,226,640,385,6 484,76,544,150,5 361,133,403,177,10
201504012.jpg 210,169,268,215,3
201808103.jpg 82,23,176,135,3 91,122,185,226,3 95,208,190,300,3 182,98,302,292,5
201405012.jpg 184,126,302,215,8 223,82,275,164,5
201412052.jpg 122,1,285,298,10
201704202.jpg 119,100,228,300,5
201406204.jpg 142,127,268,237,13
2009070355.jpg 147,226,317,397,6 67,172,187,313,6 625,125,800,314,6 299,93,326,122,6 320,459,418,600,6 170,526,325,600,6 1,334,81,441,6 34,283,60,323,2 392,383,475,522,5 611,247,668,322,5 493,207,561,313,5 533,253,615,326,5 514,147,580,181,6 608,144,643,195,6 695,105,722,131,5 299,121,367,179,4
201409032.jpg 68,201,144,261,6 199,183,236,221,6 155,167,204,209,6 234,161,275,215,6 249,146,288,213,6 288,145,322,213,6
201509092.jpg 120,194,208,298,5 340,241,372,270,3 1,33,115,124,8 188,131,238,192,8 313,71,369,130,8 247,92,320,143,8 84,236,123,279,6
200907202.jpg 145,98,262,203,10
201802289.jpg 5,13,400,287,5
2009063022.jpg 88,109,151,148,4 1,117,52,171,4 262,153,340,239,8 175,214,303,300,8 116,192,230,298,8 163,139,249,200,8 168,82,259,125,11 59,138,151,225,8 11,141,63,240,8 221,128,275,210,8 336,166,372,184,7 342,182,375,232,8 42,231,124,272,6
201310244.jpg 62,120,122,191,5 154,148,219,214,5 149,196,219,273,5 198,255,243,288,3 78,189,132,223,7
201605307.jpg 1,113,341,300,1
201606012.jpg 157,142,211,215,5 225,158,315,222,4 108,109,162,149,6 171,102,210,120,2 189,120,228,143,2 248,138,288,162,2 177,112,218,135,2
201709221.jpg 5,183,43,264,2 118,133,150,171,5
200808111.jpg 203,1,638,372,8 265,394,431,485,2 4,266,121,419,2 106,213,230,305,4
201607159.jpg 31,166,276,332,3
200811052.jpg 195,103,709,595,3
201004232.jpg 226,100,285,157,9 167,173,232,224,9 137,121,199,192,9 231,155,271,197,9 265,145,340,191,9 118,185,150,208,6 284,178,321,205,9
201405195.jpg 113,142,215,170,9 109,168,227,202,9 116,199,226,232,9 159,123,248,154,9
20101020.jpg 107,56,263,299,13 267,7,397,179,13
201603234.jpg 107,98,199,176,2
201706141.jpg 98,52,318,300,5 138,8,231,54,4
200809223.jpg 112,260,144,292,5
201506181.jpg 18,1,400,300,5
201409023.jpg 3,14,217,300,9 183,1,359,248,9 342,129,399,300,9
201203077.jpg 81,42,339,299,5
201507297.jpg 206,76,267,138,3 154,2,205,69,5 128,152,202,300,5 183,235,236,300,5 345,132,373,216,2 228,212,255,271,2 332,65,378,191,6
201104294.jpg 131,50,290,276,13
201504026.jpg 292,55,334,82,3
20130226.jpg 259,184,323,221,9 249,208,325,245,9 187,200,251,244,9 164,237,247,270,9 91,185,158,265,9 124,185,187,264,9
2011092810.jpg 124,93,262,284,5 224,78,330,232,5
201308011.jpg 104,69,322,287,5 343,99,400,162,3
201010238.jpg 108,154,168,300,6 216,178,329,300,6 202,111,260,178,6 201,98,228,110,3 180,172,217,228,6
201010306.jpg 9,195,41,217,4 212,118,240,138,3 6,217,38,237,3
201411045.jpg 46,109,298,286,4
201804188.jpg 66,127,300,248,4 219,209,353,260,6
2008110510.jpg 61,1,220,167,13
201804181.jpg 56,143,294,273,4
201205101.jpg 180,17,255,203,10
201308123.jpg 150,73,270,268,5
201401202.jpg 157,202,326,251,6 93,214,161,240,6
2018032812.jpg 5,65,396,277,3
201706228.jpg 182,220,262,289,7
201408086.jpg 158,127,258,223,9 257,124,355,220,9 86,116,165,195,9
20090714.jpg 1,73,372,300,6
201112025.jpg 203,163,269,194,9 197,185,263,211,9 226,105,270,118,9 224,115,267,129,9 223,127,269,142,9 222,138,271,153,9 221,152,271,166,9 180,112,220,128,9 180,125,216,137,9 182,135,214,145,9 184,142,213,154,9 148,113,181,127,9 195,104,227,117,9 167,95,198,107,9 112,107,148,118,9 110,119,148,133,9 147,126,179,139,9 146,139,179,152,9 147,152,179,165,9 145,162,179,175,9 146,173,180,187,9 107,131,147,145,9 108,142,147,155,9 110,155,148,169,9
2013090813.jpg 185,187,250,300,5 32,80,147,141,3 29,249,124,300,3
2009072211.jpg 210,79,278,131,3 280,102,313,124,4 161,201,249,264,3 200,219,305,331,5 310,188,352,263,2 282,159,302,220,2
201405011.jpg 126,107,197,177,3 234,175,292,213,7 205,139,241,172,7
200907142.jpg 161,95,239,169,4 87,120,341,283,10 39,66,162,158,6 1,150,94,290,6 55,260,80,295,2
201601202.jpg 169,171,217,218,2 1,8,72,79,6
2016112216.jpg 168,122,327,284,4
201010122.jpg 135,83,207,178,10
201008274.jpg 83,88,166,172,3
20090409.jpg 580,327,694,406,6 18,563,122,600,8
20111206.jpg 405,288,446,325,5
201008116.jpg 169,218,228,276,7 1,129,168,301,5
201306193.jpg 5,41,298,318,9
201705311.jpg 1,55,397,277,5
201807134.jpg 71,128,256,249,5
201807058.jpg 98,160,208,271,5 210,138,262,198,5
2008092210.jpg 446,164,522,213,5 345,455,572,554,9 278,330,438,393,6 352,359,509,426,6
201509112.jpg 291,87,357,147,4 86,57,230,192,4 58,235,88,269,2 280,237,311,286,2 286,178,317,207,2 179,207,214,234,2 168,226,199,263,2 81,268,112,299,2 208,270,247,292,2 10,276,59,300,2 5,252,29,281,2 257,154,285,172,2 358,201,391,215,2 216,192,290,254,4 252,266,294,287,2 39,276,89,300,2 289,125,297,149,2 302,204,325,229,2 262,178,295,199,2 151,24,254,113,4
2013090812.jpg 178,123,314,199,3 12,142,165,225,7
201112067.jpg 248,206,331,402,6
2008111110.jpg 637,331,696,369,2 728,325,786,361,2 376,453,407,498,2
2011111411.jpg 240,180,527,449,3
201205224.jpg 1,55,161,207,9 159,12,400,224,9
201310085.jpg 185,194,239,265,5 232,217,262,243,3
201706222.jpg 28,175,181,278,5 131,218,314,298,5 155,248,193,267,2
201806132.jpg 80,187,225,294,5 151,131,219,158,3 98,163,154,186,2 224,134,366,205,6
201209253.jpg 126,174,235,297,5 332,229,363,267,5 224,232,287,300,6
201805226.jpg 87,43,346,300,5
201406208.jpg 116,100,228,201,5
201704118.jpg 66,168,276,284,9
20080324.jpg 389,293,422,321,8
2008113022.jpg 1,1,243,457,13
201506184.jpg 54,119,72,147,2 138,107,168,145,2 167,108,191,144,2 192,108,215,145,2 216,107,241,141,2 243,106,262,133,2 133,168,163,199,2 167,164,196,197,2 198,162,223,195,2 226,162,255,193,2 258,161,285,189,2 138,202,169,232,2 172,198,201,229,2 206,196,233,228,2 236,195,263,224,2 271,194,298,222,2
200811051.jpg 243,171,273,191,9 47,178,75,204,3 92,160,122,186,5 5,176,40,190,8
2016050225.jpg 120,77,318,294,4 298,165,388,264,3 26,105,144,249,8
201709081.jpg 219,124,309,272,13 299,98,343,242,13 11,129,37,143,8 232,98,307,126,9 281,76,342,99,9 42,114,63,137,5
201704261.jpg 129,192,221,233,3
201807245.jpg 27,135,245,237,11 226,146,274,182,3 298,79,320,94,3 267,80,289,95,3 94,117,170,140,9
201608183.jpg 140,70,219,134,3 124,99,164,189,2 183,89,221,185,2
2014110725.jpg 92,72,154,172,5 153,84,208,161,5 154,63,190,101,3
200905139.jpg
2018071214.jpg 155,76,274,212,3
201802261.jpg 117,215,191,299,5 358,214,397,258,2 328,186,362,226,2 274,102,336,205,6 212,89,250,176,6 39,87,93,145,5 156,10,192,37,6 100,25,123,57,6 37,51,60,81,2 1,73,37,128,6
2010111114.jpg 275,93,370,158,4
201609093.jpg 75,103,209,194,5
2017052514.jpg 215,196,263,236,3 81,149,183,244,6
201406302.jpg 46,1,391,300,9
201406304.jpg 87,1,367,282,9
201403217.jpg 100,128,264,181,6
20090720.jpg 270,96,317,134,5
201008162.jpg 69,137,279,214,9 136,188,295,270,9 280,87,400,216,9 78,72,197,132,9 159,33,295,135,9 1,70,70,105,9 1,43,42,72,9
201508281.jpg 139,65,182,126,5
201510011.jpg 133,130,245,251,2
201511261.jpg 142,41,293,232,5
201210034.jpg 201,167,316,260,6 63,93,103,123,5 1,146,59,198,6
201009161.jpg 213,206,281,279,5 101,160,169,257,5 111,257,182,300,5 262,147,291,183,5 304,120,350,139,3 202,138,262,178,6 135,128,186,149,6 1,239,133,300,8
201808016.jpg 273,142,384,267,5 1,30,220,258,3
20080520.jpg 1,148,257,555,5
201704132.jpg 34,14,168,284,5 196,3,279,214,5 264,10,381,216,5
201109162.jpg 239,242,305,299,2 215,214,269,260,2 1,43,65,149,3 333,156,383,245,2 281,145,355,201,2 192,142,282,201,2 212,1,400,141,7 14,34,209,299,6 335,201,400,284,2
2010082517.jpg 287,313,514,434,3 158,282,304,415,3 304,122,502,139,6
201010305.jpg 22,80,314,297,6
20111006.jpg 246,99,292,148,9 295,100,352,152,9 330,153,400,184,9 59,105,98,151,9 71,148,135,175,9 106,103,139,150,9 165,101,183,155,9 145,102,166,153,9
201706238.jpg 8,135,300,299,11
201601271.jpg 126,28,326,165,2 68,73,320,251,9
200907309.jpg 130,175,426,545,1 308,105,706,459,1
201507036.jpg 98,228,221,354,5 141,65,287,200,3 30,166,183,280,4 195,215,253,272,3
201407107.jpg 196,126,251,177,5 140,95,206,162,5 192,60,243,108,5
201504141.jpg 37,65,279,281,5 348,44,400,74,3 305,179,340,213,9 318,166,358,196,9
201206287.jpg 101,431,195,535,5 132,367,356,519,8 247,342,405,441,3 584,342,635,375,3
201109237.jpg 165,111,400,260,5 18,138,170,299,5
201607195.jpg 43,144,395,298,3 43,101,264,176,3 41,142,393,296,5
201008318.jpg 289,118,376,230,5 1,216,107,300,5 7,64,146,245,5 137,1,273,52,7 200,17,334,191,5 166,121,205,174,6 339,41,371,68,3 342,1,395,43,5 21,1,96,71,6 116,171,296,300,3
201807243.jpg 52,101,243,274,5 45,222,194,300,5
201509221.jpg 137,103,285,238,5 90,77,152,121,6 250,91,278,119,3 300,161,334,185,2 54,32,112,61,6
201705306.jpg 176,101,399,252,5
201012036.jpg 5,2,369,269,5 328,153,386,216,3
201709153.jpg 67,156,166,264,8 206,161,300,234,8 64,251,149,299,8
201212271.jpg 1,1,314,235,6
20130102.jpg 136,144,183,213,5 218,118,255,161,5 95,103,130,142,5 54,73,93,111,5 16,115,88,179,4 182,85,256,115,6
201801255.jpg 220,188,273,230,3 248,123,316,205,4 212,185,274,280,4 341,159,386,213,5
201609264.jpg 156,150,197,205,2 195,206,237,247,2
2008120712.jpg 116,351,249,480,3 228,273,277,351,2 188,266,224,339,2 316,178,406,286,6 145,132,265,222,4 258,111,317,202,4
201702225.jpg 50,16,332,293,4
20111111.jpg 110,146,388,431,12
201505135.jpg 193,304,232,340,3 220,275,253,301,5
201607211.jpg 167,140,244,229,5 61,231,235,296,6
2010110610.jpg 99,209,193,296,3 156,157,196,223,7 166,35,258,208,2
201009153.jpg 171,28,592,230,6 283,212,318,250,3 525,234,572,257,3 328,226,461,304,6 1,154,171,416,6
201803085.jpg 346,138,400,176,2
20121102.jpg 59,72,177,188,13
201408043.jpg 117,111,238,161,5 1,174,325,300,5
201712277.jpg 232,140,272,201,5 160,174,202,220,3
201209113.jpg 132,170,165,193,9 114,210,145,221,9 85,182,116,212,9 207,172,238,183,9 253,179,264,207,9
200810022.jpg 473,475,537,583,4 489,478,569,572,4 551,277,668,404,6 539,220,647,294,6 348,153,436,263,4
2008111610.jpg 38,133,202,191,6 24,90,143,131,6 141,52,160,65,5 84,54,104,70,5
201805012.jpg 201,143,227,175,6 150,142,173,184,6 335,144,358,177,6 221,148,240,173,6 43,136,105,200,5 111,166,139,192,4 335,124,359,146,6 315,122,337,144,5 176,151,204,176,6
2008112342.jpg 198,203,279,322,5 353,394,474,480,5 186,61,282,134,8 259,38,306,118,8 241,173,370,303,8 332,59,407,98,4 398,303,475,359,7
2008121416.jpg 379,232,409,275,5 339,238,369,275,5 387,388,467,480,5 578,258,626,294,4 104,412,153,473,5
201707253.jpg 4,29,399,220,3
2013082818.jpg 133,35,364,264,5
201706033.jpg 144,182,363,286,7
201807175.jpg 70,145,242,319,5
201111025.jpg 186,342,237,408,5
201706223.jpg 1,97,169,144,4 280,138,328,176,4 305,113,399,193,5 78,224,136,245,3 27,240,77,260,3 147,75,251,97,4 164,99,267,127,4 336,83,375,107,3 231,121,292,155,4
201203053.jpg 149,180,232,251,9 200,123,246,148,9 135,113,201,158,9 295,123,366,195,5 239,194,373,300,5
201509238.jpg 234,147,338,197,5
200910261.jpg 567,180,660,234,5 381,127,465,215,6 269,193,338,240,6 1,232,116,307,6
2013071920.jpg 136,205,218,287,9 135,98,183,152,6 246,92,362,140,6 307,265,376,300,5
201307298.jpg 122,79,239,245,5 227,119,287,163,7
201607156.jpg 11,148,133,265,3 40,14,107,59,6 127,152,200,233,5 192,164,266,264,5 258,160,337,262,5
201411047.jpg 138,87,209,115,9 30,86,101,113,9 251,93,319,116,9
201210169.jpg 56,249,122,300,5 106,130,363,300,4 77,137,111,164,8 137,105,183,134,4 98,67,149,91,7
2009041530.jpg 294,101,354,169,5 290,203,400,298,3
20130717.jpg 149,131,247,234,3
2016112410.jpg 106,131,289,272,8
2008112918.jpg 2,343,434,480,6
200808217.jpg 186,137,539,586,5
201308276.jpg 76,30,116,97,2 29,65,84,159,2
201508149.jpg 90,4,392,300,9
200906249.jpg 1,98,399,300,4
201012037.jpg 253,1,379,48,6 2,1,354,300,6 279,81,399,300,6
20100407.jpg 29,82,398,299,11
201309086.jpg 170,165,205,197,3
2016071512.jpg 162,153,211,226,5
201804023.jpg 145,121,327,279,9
